Trajectory: 0
190  160
190  160
189.8  163.681
188.736  167.211
188.697  171.033
189.187  172.509
188.758  176.196
187.613  178.828
187.63  182.759
186.945  185.747
186.729  187.758
188.866  189.434
189.365  191.07
189.512  193.698
188.655  197.506
188.624  201.346
190  204
Trajectory: 1
160  170
160  170
160.307  173.263
163.38  172.967
165.903  172.285
167.913  172.478
170.843  172.879
174.022  172.457
177.523  172.172
181.113  171.93
183.618  171.712
185.79  172.195
189.187  172.509
192.651  172.045
194.198  171.816
197.847  170.711
200.913  170.772
203.317  171.347
206.642  171.15
208.254  171.698
211.664  172.868
212.77  173.387
215.737  173.8
218.482  175.533
220.91  176.523
222.499  176.524
225.545  174.259
226.748  176.634
229.38  177.964
230  180
Trajectory: 2
230  170
230  170
231.534  172.024
232.785  175.572
229.631  176.828
226.748  176.634
225.545  174.259
222.499  176.524
220.91  176.523
217.627  178.232
216.786  178.395
213.19  178.924
212.043  180.562
211.668  183.263
209.464  185.701
208.785  187.244
206.474  189.522
203.752  191.564
201.841  193.224
199.65  193.023
197.257  192.637
193.599  192.506
191.217  192.701
189.512  193.698
185.522  193.714
181.922  194.647
178.12  193.516
175.752  191.482
172.811  190.132
170  190
